# format: t[s] -- rvent/rstar
0.8381413287569124 3.0386055628419624
0.83835088656939 3.6216882303391063
0.838560443940807 3.590379641899237
0.838770000888357 3.5640164848749634
0.8389795574302723 3.541345179480997
0.8391891135852302 3.5246983410592265
0.8393986693736917 3.510469479797817
0.839608226670282 3.490375573958244
0.8398177928382994 3.468006972795847
0.8400273599400762 3.442225731719415
0.8402369252351697 3.416574094843667
0.8404464898597915 3.3864277991086045
0.8406560552267384 3.3576160657167105
0.8408656222116329 3.3301201761284447
0.8410751900933718 3.3027859723171296
0.8412847576470196 3.2778729282033208
0.8414943248802782 3.2542211679151114
0.8417038920068632 3.2306961392498894
0.8419134591618026 3.2095214379929025
0.8421230264125266 3.1895579525811293
0.8423325938235545 3.170790372552841
0.8425421615197359 3.152107462454069
0.8427517293633559 3.13241817346965
0.842961297100815 3.1139104888297213
0.843170864721945 3.095488304057368
0.8433804322837755 3.077151843570527
0.8435899997567967 3.0578304291753797
0.8437995669656134 3.0396710747393834
0.8440091338656497 3.021597999203043
0.8442187004924385 3.004666987312225
0.8444282668487659 2.9888637791048978
0.8446378328571799 2.9731280150768393
0.8448473984654701 2.960588005595983
0.8450569636641189 2.9491309735069557
0.8452665284437345 2.9428970006834545
0.845476092778019 2.992019027382297
0.8456856566466873 3.0173580652752747
0.8458952200403791 3.0322187626537804
0.8461047829529802 3.040736885189894
0.8463143453808003 3.042869401605742
0.8465239073270553 3.045003111850394
0.8467334687999907 3.0396710747393834
0.8469430298098556 3.627727689736335
0.8471525903698295 3.5963878324007204
0.8473621504965787 3.5688008911892117
0.8475717102075325 3.546110546445709
0.8477812695203554 3.5270734057013065
0.84799082845565 3.514023226050745
0.8482003878337198 3.495096798685264
0.8484099553759198 3.4727082633725534
0.8486195259609177 3.4469036388342253
0.8488290945778011 3.422392546919422
0.8490386623461591 3.3922108148009698
0.8492482304778178 3.363364579417128
0.8494578001983382 3.3346916383093106
0.8496673710172584 3.308467189444332
0.8498769416646029 3.282392325551991
0.8500865119695472 3.258716519208628
0.8502960821538598 3.235167289506245
0.8505056523603653 3.2139705692059897
0.8507152226643145 3.193986124504179
0.8509247931170623 3.1740961547652153
0.8511343638289584 3.155398280712805
0.8513439347515506 3.1367853221104895
0.8515535056085328 3.118257554904166
0.8517630763404976 3.099815231499604
0.8519726469967852 3.0803814512120025
0.8521822175776345 3.0621157403238795
0.8523917879168408 3.04393610751402
0.8526013579355721 3.0258427176928766
0.8528109276604596 3.0078357160653297
0.8530204971096136 2.992019027382297
0.85323006621998 2.9762697692271067
0.8534396349290958 2.962675005697403
0.8536492032209978 2.951211367483968
0.8538587710898846 2.9428970006834545
0.8540683385145103 2.9836110273581258
0.8542779054735086 3.013122917573758
0.8544874719577807 3.0300922190004385
0.8546970379623414 3.0396710747393834
0.8549066034854391 3.042869401605742
0.8551161685297345 3.045003111850394
0.8553257331037072 3.040736885189894
0.8555352972178949 3.6349828529195234
0.8557448608848869 3.603605677190706
0.8559544241202208 3.5747869796744025
0.856163986941571 3.549687219105946
0.8563735493665336 3.5294494913347387
0.8565831114147333 3.516393677265881
0.8567926733317185 3.4986404507786406
0.8570022419014703 3.477413771232066
0.8572118157624362 3.4527570328748176
0.857421387736815 3.4270521761640675
0.8576309586772697 3.399159475669898
0.8578405296465187 3.3691200254244764
0.8580501020836809 3.3404122712821813
0.8582596757875925 3.3141554762071754
0.8584692495188062 3.2880479861862995
0.8586788228897112 3.263216463055761
0.8588883961205319 3.240762725090975
0.8590979693629437 3.2184243452253813
0.859307542698825 3.1984189619883225
0.8595171161731598 3.1785079631940687
0.859726689876347 3.1597901517539806
0.8599362638309996 3.14006377904137
0.8601458377713175 3.1215209590548674
0.8603554115837923 3.1030635400037725
0.8605649853021243 3.0846917555164004
0.8607745589466612 3.066405817127941
0.8609841323753084 3.0471380156573185
0.8611937054749532 3.029029395381208
0.8614032782580504 3.012064878692334
0.861612850751675 2.9951769729099684
0.8618224229126469 2.979414223190864
0.8620319946716963 2.965807757231447
0.8622415660051685 2.953292962802966
0.8624511369085708 2.9449737900201165
0.8626607073658895 2.9741749664501462
0.8628702773563828 3.0088925577321244
0.863079846869961 3.02796687060917
0.8632894159031946 3.0375403495249422
0.863498984455502 3.042869401605742
0.8637085525298696 3.04393610751402
0.8639181201353421 3.042869401605742
0.8641276872840798 3.0375403495249422
0.8643372539889811 3.609627194093815
0.8645468202664587 3.5795802980498825
0.864756386134774 3.554459635388796
0.8649659516121314 3.5330155307269244
0.8651755167172329 3.5199512808713935
0.8653850814852101 3.50336895571435
0.8655946509443927 3.48212348550921
0.8658042276876732 3.4574445438287382
0.8660138030043091 3.4317161218653225
0.8662233770371535 3.4049575413749893
0.8664329508165802 3.3748823880663608
0.866642525853808 3.346139896622635
0.8668521022843569 3.3198508193917555
0.8670616789648958 3.292577638277006
0.8672712552790901 3.267720993734144
0.867480831430338 3.245244265366197
0.8676904075773109 3.2228827612087856
0.8678999838136292 3.201746649188603
0.8681095601799201 3.1818198913707083
0.8683191367482963 3.1630871379990677
0.8685287135854273 3.1444391794193147
0.8687382904678103 3.125876301512344
0.8689478672299916 3.107398766276167
0.8691574438856126 3.0879276029264444
0.8693670204628637 3.0696265008062067
0.8695765968571716 3.051411402963343
0.8697861729258001 3.033282482630455
0.8699957486616086 3.0152398930417994
0.8702053240955891 2.998337615129981
0.870414899204884 2.9825613764904784
0.8706244739185336 2.9678977589920854
0.8708340482041991 2.9553757593800234
0.8710436220567815 2.9460126353040166
0.8712531954660659 2.959544955858964
0.8714627684133043 3.003611343237995
0.8716723408869735 3.0247810896137435
0.8718819128838355 3.0364754348091476
0.8720914844030859 3.041802994157226
0.8723010554466044 3.04393610751402
0.8725106260213845 3.04393610751402
0.8727201961389399 3.0386055628419624
0.8729297658131829 3.6156547217336072
0.873139335059872 3.5843775546485683
0.8733489038974819 3.559236061755684
0.8735584723454896 3.537773808757308
0.8737680404235533 3.522324298927436
0.8739776081521667 3.5069180546748755
0.8741871786295387 3.4868373951672607
0.8743967576905067 3.4633099102339835
0.8746063363307094 3.4375521093377763
0.8748159133869154 3.4119242121562414
0.8750254899432295 3.3806516513606826
0.8752350674682484 3.351874499733929
0.8754446464666368 3.3255532055190007
0.8756542259448834 3.298246097491028
0.8758638050732821 3.2733580984796533
0.8760733840136311 3.249730414791353
0.8762829629286587 3.227345812234998
0.8764925419251048 3.206187640601007
0.8767021210346423 3.1862398880520386
0.8769117003240487 3.1674872271708594
0.8771212798827924 3.14772382113747
0.8773308595516629 3.129145909288096
0.8775404391231524 3.1106532955726425
0.8777500185841447 3.09224622293257
0.8779595979660291 3.0739249119098493
0.8781691772034668 3.0546195746386027
0.8783787561343722 3.0364754348091476
0.8785883347266388 3.0184176001080187
0.8787979130092111 3.0015009534702677
0.879007490977042 2.985711228631966
0.8792170685627466 2.971035012433942
0.8794266457235743 2.958502206356187
0.8796362224512136 2.9480912270590585
0.8798457987391561 2.9428970006834545
0.8800553745702806 2.998337615129981
0.8802649499314951 3.0205375671015355
0.8804745248192338 3.034346501340703
0.8806840992328745 3.040736885189894
0.8808936731739242 3.04393610751402
0.8811032466478751 3.046070414574394
0.8813128196645498 3.0386055628419624
0.8815223922365776 3.6216882303391063
0.8817319643788329 3.590379641899237
0.8819415361094707 3.5640164848749634
0.8821511074481413 3.541345179480997
0.8823606784144189 3.5246983410592265
0.8825702490292344 3.510469479797817
0.8827798209347122 3.4915554891012714
0.8829894016190027 3.468006972795847
0.8831989835335989 3.442225731719415
0.8834085635600287 3.416574094843667
0.8836181428341428 3.3864277991086045
0.8838277227387835 3.358765213130615
0.8840373041432135 3.3301201761284447
0.8842468862526747 3.303921649543736
0.8844564680609818 3.2778729282033208
0.8846660496541647 3.2542211679151114
0.8848756311986301 3.231813493302912
0.8850852128024262 3.2106332850795
0.8852947944595112 3.1906645579265938
0.8855043762509353 3.170790372552841
0.8857139582911349 3.152107462454069
0.8859235404921578 3.133509518258147
0.8861331226237442 3.114996811689043
0.8863427046418965 3.095488304057368
0.8865522865788684 3.077151843570527
0.8867618684054275 3.058901310059018
0.8869714499571505 3.040736885189894
0.8871810311741698 3.0226587303436268
0.8873906120802403 3.004666987312225
0.8876001926847434 2.9888637791048978
0.8878097729300483 2.9741749664501462
0.8880193527641292 2.960588005595983
0.8882289321738771 2.9491309735069557
0.8884385111552331 2.9428970006834545
0.8886480896939816 2.9909669782312718
0.8888576677751941 3.0173580652752747
0.8890672453938181 3.0322187626537804
0.8892768225492691 3.040736885189894
0.8894863992433089 3.042869401605742
0.8896959754800882 3.045003111850394
0.8899055512689752 3.0396710747393834
0.8901151266218092 3.6289362930366758
0.8903247015515968 3.5975902003957767
0.8905342760735552 3.569997613551244
0.8907438502044482 3.546110546445709
0.890953423961683 3.5270734057013065
0.8911629973633827 3.514023226050745
0.8913725711048034 3.495096798685264
0.8915821528133259 3.4738842453902468
0.8917917378363199 3.4480737839326707
0.8920013208062214 3.422392546919422
0.8922109027433955 3.393368240624112
0.8924204849450283 3.3645151145402363
0.8926300686059274 3.33583520482493
0.8928396531810567 3.3096042816497873
0.893049237540653 3.2835228878737275
0.8932588216553619 3.258716519208628
0.8934684056916551 3.236285799318928
0.8936779897447216 3.21508357794161
0.8938875738002644 3.193986124504179
0.8940971579149302 3.1751986678493154
0.8943067422475898 3.155398280712805
0.894516326777557 3.1367853221104895
0.8947259112747887 3.118257554904166
0.8949354956605726 3.099815231499604
0.8951450799645755 3.081458581569612
0.8953546641880329 3.0621157403238795
0.8955642481800323 3.04393610751402
0.8957738318525413 3.0258427176928766
0.8959834152207403 3.0088925577321244
0.8961929983045895 2.992019027382297
0.8964025810607443 2.9762697692271067
0.8966121634300377 2.962675005697403
0.8968217453929842 2.951211367483968
0.8970313269455539 2.9428970006834545
0.8972409080766274 2.9836110273581258
0.89745048876996 3.013122917573758
0.8976600690176334 3.0300922190004385
0.8978696488184962 3.0396710747393834
0.898079228173616 3.042869401605742
0.8982888070857029 3.045003111850394
0.8984983855624532 3.040736885189894
0.8987079636149407 3.6349828529195234
0.8989175412544667 3.603605677190706
0.8991271184945818 3.5747869796744025
0.8993366953514921 3.549687219105946
0.8995462718417933 3.5294494913347387
0.8997558479813957 3.516393677265881
0.8999654239645464 3.4998221878514726
0.9001750063534991 3.478590805886742
0.9003845942553622 3.4527570328748176
0.9005941802202816 3.4270521761640675
0.9008037648484276 3.399159475669898
0.9010133493978709 3.3702719451297862
0.9012229352736799 3.341557237415214
0.9014325222389424 3.3141554762071754
0.9016421091121958 3.2880479861862995
0.901851695701191 3.263216463055761
0.9020612821510235 3.240762725090975
0.9022708685508587 3.2184243452253813
0.9024804548836377 3.1984189619883225
0.9026900411644276 3.1785079631940687
0.9028996276038473 3.1597901517539806
0.9031092142483426 3.1411571873315336
0.90331880089291 3.1226093515322195
0.9035283874250569 3.1030635400037725
0.9037379738695397 3.0846917555164004
0.9039475602523039 3.066405817127941
0.9041571464513509 3.0471380156573185
0.9043667323533703 3.029029395381208
0.9045763179615819 3.012064878692334
0.9047859033026399 2.9951769729099684
0.9049954883510147 2.979414223190864
0.9052050730440316 2.965807757231447
0.9054146573547917 2.953292962802966
0.9056242412781113 2.9449737900201165
0.9058338248055703 2.9731280150768393
0.9060434079211226 3.0088925577321244
0.9062529906144855 3.026904644698043
0.9064625728831902 3.0375403495249422
0.906672154727605 3.042869401605742
0.9068817361492836 3.04393610751402
0.9070913171544658 3.042869401605742
0.9073008977532856 3.0375403495249422
0.907510477956993 3.609627194093815
0.907720057778208 3.5795802980498825
0.9079296372322087 3.554459635388796
0.9081392163346205 3.534204719326311
0.9083487951006105 3.5199512808713935
0.9085583735546896 3.50336895571435
0.9087679564717369 3.483301570029777
0.9089775468187458 3.45861708629119
0.909187135761728 3.4317161218653225
0.9093967230804123 3.406117972665445
0.9096063100113514 3.3748823880663608
0.9098158980673394 3.3472862595031363
0.9100254873643714 3.3198508193917555
0.9102350767548387 3.293710762083766
0.9104446658409916 3.267720993734144
0.9106542547379965 3.245244265366197
0.9108638435171027 3.2228827612087856
0.9110734321681 3.2028564605636154
0.9112830206530932 3.1829244521969917
0.9114926092065505 3.1630871379990677
0.9117021979551171 3.1444391794193147
0.9119117867363554 3.125876301512344
0.9121213753894366 3.107398766276167
0.9123309639418342 3.089006812640824
0.9125405524336481 3.0696265008062067
0.9127501407831453 3.051411402963343
0.9129597288573401 3.033282482630455
0.9131693166438148 3.0152398930417994
0.9133789041725118 2.998337615129981
0.9135884914361133 2.9825613764904784
0.9137980783740361 2.9678977589920854
0.9140076649519002 2.9553757593800234
0.9142172511628622 2.9460126353040166
0.9144268370011577 2.957459757101469
0.9146364224521323 3.003611343237995
0.9148460075034917 3.0247810896137435
0.9150555921518257 3.0364754348091476
0.9152651763970293 3.041802994157226
0.9154747602400897 3.04393610751402
0.9156843436853946 3.04393610751402
0.915893926742265 3.0386055628419624
0.9161035094212033 3.6156547217336072
0.9163130917333988 3.5855774824867988
0.916522673693084 3.559236061755684
0.9167322553154533 3.537773808757308
0.9169418366145979 3.522324298927436
0.9171514176056635 3.5069180546748755
0.9173610011985422 3.4868373951672607
0.9175705934514222 3.4633099102339835
0.9177801852267768 3.4375521093377763
0.9179897752198573 3.4119242121562414
0.91819936451444 3.3806516513606826
0.9184089546645374 3.353022256386266
0.9186185461627179 3.3255532055190007
0.9188281379690093 3.298246097491028
0.9190377294683111 3.2733580984796533
0.9192473207425471 3.249730414791353
0.919456911820431 3.227345812234998
0.9196665027312306 3.206187640601007
0.9198760933882353 3.1862398880520386
0.9200856839921997 3.1674872271708594
0.9202952747690605 3.148819290255062
0.920504865613882 3.129145909288096
0.9207144563071735 3.1106532955726425
0.9209240468691725 3.09224622293257
0.9211336373636709 3.0739249119098493
0.9213432277500352 3.0546195746386027
0.9215528178789529 3.0364754348091476
0.921762407707405 3.0184176001080187
0.9219719972822815 3.0015009534702677
0.9221815866112032 2.985711228631966
0.9223911756415473 2.971035012433942
0.9226007643324328 2.958502206356187
0.9228103526748708 2.9480912270590585
0.9230199406660888 2.9428970006834545
0.9232295282946791 2.998337615129981
0.9234391155477902 3.0205375671015355
0.9236487024209261 3.034346501340703
0.9238582889146854 3.040736885189894
0.9240678750306353 3.04393610751402
0.9242774607721078 3.046070414574394
0.924487046148478 3.0386055628419624
0.9246966311713085 3.6216882303391063
0.9249062158506108 3.591580792643773
0.9251158001993222 3.5640164848749634
0.9253253842329403 3.541345179480997
0.9255349679659931 3.5246983410592265
0.9257445514118842 3.510469479797817
0.92595413609645 3.4915554891012714
0.926163729574965 3.468006972795847
0.9263733241447925 3.442225731719415
0.9265829168314672 3.4177372436329763
0.9267925085124614 3.3875838533480422
0.927002100732513 3.358765213130615
0.92721169435273 3.3301201761284447
0.9274212885144048 3.303921649543736
0.927630882393235 3.2778729282033208
0.927840476014019 3.2542211679151114
0.9280500693450482 3.231813493302912
0.9282596624542436 3.2106332850795
0.9284692552429362 3.1906645579265938
0.9286788478306485 3.170790372552841
0.9288884405330203 3.152107462454069
0.9290980333222009 3.133509518258147
0.929307625951792 3.114996811689043
0.9295172183850084 3.0965695910838154
0.9297268107325264 3.077151843570527
0.9299364029902691 3.058901310059018
0.9301459950058303 3.040736885189894
0.930355586672711 3.0226587303436268
0.9305651780740988 3.004666987312225
0.9307747692391064 2.9888637791048978
0.9309843601294596 2.9741749664501462
0.9311939507010127 2.960588005595983
0.9314035409442869 2.9491309735069557
0.931613130860598 2.9428970006834545
0.931822720443833 2.9909669782312718
0.9320323096824464 3.0173580652752747
0.9322418985713392 3.0322187626537804
0.9324514871117555 3.040736885189894
0.9326610753057123 3.042869401605742
0.9328706631553769 3.045003111850394
0.9330802506685906 3.0396710747393834
0.9332898378561747 3.6289362930366758
0.9334994247276425 3.5975902003957767
0.9337090112944985 3.569997613551244
0.9339185975703952 3.546110546445709
0.9341281835685507 3.5270734057013065
0.9343377693013868 3.514023226050745
0.9345473554038075 3.495096798685264
0.9347569188095268 3.4738842453902468
0.9349664546069986 3.4480737839326707
0.9351760498725998 3.422392546919422
0.935385643868344 3.393368240624112
0.9355952380382889 3.3645151145402363
0.9358048029425192 3.33583520482493
0.9360143379733561 3.3096042816497873
0.9362238727841808 3.2835228878737275
0.9364334379638346 3.258716519208628
0.9366430334394666 3.236285799318928
0.9368526286253986 3.21508357794161
0.9370622234548034 3.193986124504179
0.9372718179597527 3.1751986678493154
0.937481412495417 3.155398280712805
0.9376910071390147 3.1367853221104895
0.9379006016472987 3.118257554904166
0.9381101958939009 3.099815231499604
0.9383197900333232 3.081458581569612
0.9385293840998477 3.0621157403238795
0.9387389779565762 3.04393610751402
0.9389485714350936 3.0258427176928766
0.9391581646124342 3.0088925577321244
0.9393677575633835 2.992019027382297
0.9395773502643813 2.9762697692271067
0.9397869426695282 2.962675005697403
0.9399965347666585 2.951211367483968
0.940206126559902 2.9428970006834545
0.94041571804811 2.9836110273581258
0.9406253092221444 3.013122917573758
0.9408349000760609 3.0300922190004385
0.9410444906111535 3.0396710747393834
0.9412540808302946 3.042869401605742
0.9414636707352827 3.045003111850394
0.9416732603322212 3.040736885189894
0.9418828496306095 3.6361928718600933
0.942092438640179 3.603605677190706
0.9423020273710554 3.5747869796744025
0.9425116158352836 3.549687219105946
0.942721204045179 3.5294494913347387
0.9429307920119707 3.516393677265881
0.9431403799032758 3.4998221878514726
0.9433499435272036 3.478590805886742
0.9435594817227647 3.4527570328748176
0.9437690179860954 3.4270521761640675
0.9439785529191445 3.399159475669898
0.9441880877437672 3.3702719451297862
0.9443976238632167 3.341557237415214
0.9446071609777951 3.315293980759178
0.9448166979765996 3.2880479861862995
0.9450262346723703 3.263216463055761
0.9452357709545588 3.240762725090975
0.9454453068881984 3.2184243452253813
0.9456548424268997 3.1984189619883225
0.9458643775515749 3.1785079631940687
0.9460739125779603 3.1597901517539806
0.9462834477176301 3.1411571873315336
0.9464929827593975 3.1226093515322195
0.9467025174614736 3.1041469022053
0.9469120826572146 3.0846917555164004
0.9471216784338248 3.066405817127941
0.9473312740342104 3.0482059150722525
0.9475408692427789 3.0300922190004385
0.9477504640890955 3.012064878692334
0.9479600587048912 2.9951769729099684
0.9481696530906778 2.979414223190864
0.9483792472022449 2.965807757231447
0.9485888410253444 2.953292962802966
0.9487984345663507 2.9449737900201165
0.9490080278295903 2.9731280150768393
0.9492176207905263 3.0078357160653297
0.9494272134244581 3.026904644698043
0.949636805747118 3.0375403495249422
0.9498463977695103 3.042869401605742
0.9500559894983772 3.04393610751402
0.9502655809550788 3.042869401605742
0.950475172159674 3.0375403495249422
0.9506847631264205 3.610832219701988
0.950894353871149 3.5795802980498825
0.9511039444053292 3.554459635388796
0.9513135347139402 3.534204719326311
0.9515231248034652 3.5199512808713935
0.9517327146894499 3.50336895571435
0.9519422783352766 3.483301570029777
0.9521518186476655 3.45861708629119
0.9523613569927362 3.4317161218653225
0.9525708938117114 3.406117972665445
0.9527804303070346 3.376035689181158
0.9529899681728202 3.3472862595031363
0.9531995072158703 3.3198508193917555
0.9534090461040546 3.293710762083766
0.9536185848755919 3.268847842419463
0.9538281231899955 3.245244265366197
0.9540376610946667 3.2228827612087856
0.9542471985762768 3.2028564605636154
0.9544567355762777 3.1829244521969917
0.954666272330836 3.1630871379990677
0.9548758091794733 3.1444391794193147
0.9550853459771352 3.125876301512344
0.9552948823894645 3.107398766276167
0.955504418559837 3.089006812640824
0.9557139546525902 3.0696265008062067
0.9559234906049496 3.051411402963343
0.9561330261593561 3.033282482630455
0.9563425611107196 3.0152398930417994
0.9565521263469668 2.998337615129981
0.9567617219922132 2.9825613764904784
0.9569713173163849 2.9678977589920854
0.9571809123023568 2.9553757593800234
0.9573905069930243 2.9460126353040166
0.9576001014249701 2.9564176081081053
0.9578096955807752 3.003611343237995
0.9580192894615197 3.0237197604841204
0.9582288830822259 3.0364754348091476
0.9584384764537245 3.041802994157226
0.95864806957956 3.04393610751402
0.9588576624744793 3.045003111850394
0.9590672551558324 3.0386055628419624
0.9592768476353406 3.6168609459300773
0.9594864399236637 3.5855774824867988
0.9596960320361332 3.559236061755684
0.9599056239848153 3.537773808757308
0.9601152157784896 3.522324298927436
0.9603248074288898 3.5069180546748755
0.9605343711834471 3.4880165268244205
0.960743913094221 3.4633099102339835
0.9609534534469812 3.4375521093377763
0.9611629921402817 3.4119242121562414
0.9613725300563765 3.3818063306785
0.9615820695150291 3.353022256386266
0.9617916102883484 3.3255532055190007
0.9620011507835472 3.299380640879351
0.9622106913163719 3.2733580984796533
0.9624202315673795 3.249730414791353
0.9626297713509132 3.227345812234998
0.9628393106952029 3.206187640601007
0.9630488495118579 3.1862398880520386
0.9632583879468748 3.1674872271708594
0.9634679264216501 3.148819290255062
0.9636774648981998 3.1302363689255266
0.9638870029594279 3.1117387307240274
0.9640965404539008 3.09224622293257
0.9643060778620652 3.0739249119098493
0.9645156150784056 3.0556895614314077
0.9647251518208593 3.0364754348091476
0.9649346877866563 3.019477434063988
0.9651442232528346 3.0015009534702677
0.9653537585076856 2.985711228631966
0.9655632934958578 2.971035012433942
0.9657728587750175 2.958502206356187
0.9659824543407822 2.9480912270590585
0.9661920496548309 2.9428970006834545
0.9664016447522568 2.9972837681293156
0.9666112396317276 3.0205375671015355
0.9668208343094853 3.034346501340703
0.9670304287951935 3.040736885189894
0.9672400230898965 3.04393610751402
0.9674496172005083 3.046070414574394
0.967659211141479 3.0386055628419624
0.9678688049207118 3.6228956471265863
0.9680783985436892 3.591580792643773
0.9682879920230002 3.56521221355524
0.9684975853688896 3.542536142411707
0.9687071785875261 3.5246983410592265
0.9689167716884669 3.510469479797817
0.9691263357337659 3.4915554891012714
0.9693358781620599 3.4691818994766064
0.9695454207799151 3.4433948071989646
0.969754961272355 3.4177372436329763
0.9699645004287798 3.3875838533480422
0.9701740413097563 3.358765213130615
0.9703835836164758 3.3312626208696425
0.970593125696155 3.303921649543736
0.9708026675384237 3.279002349559056
0.9710122095046793 3.2542211679151114
0.971221751063454 3.231813493302912
0.9714312921674687 3.2106332850795
0.9716408326938983 3.1906645579265938
0.9718503724495998 3.171892007053741
0.9720599120492037 3.152107462454069
0.9722694517350424 3.133509518258147
0.9724789909983503 3.114996811689043
0.9726885295075512 3.0965695910838154
0.9728980678004309 3.078228082172104
0.973107606012936 3.058901310059018
0.973317143825009 3.040736885189894
0.9735266808132103 3.0226587303436268
0.9737362171480702 3.0057229308314866
0.9739457532370842 2.9888637791048978
0.9741552891151626 2.9741749664501462
0.9743648246332499 2.960588005595983
0.9745743597588201 2.950171020319289
0.9747838945647037 2.9428970006834545
0.9749934598005678 2.9899152288048416
0.9752030554791598 3.0162988295721553
0.9754126509427573 3.0322187626537804
0.9756222462270703 3.0396710747393834
0.9758318413703465 3.042869401605742
0.9760414363669655 3.045003111850394
0.9762510312188019 3.0396710747393834
0.9764606259487649 3.6289362930366758
0.9766702205725674 3.5975902003957767
0.9768798150881699 3.569997613551244
0.9770894095100559 3.546110546445709
0.9772990038555713 3.5270734057013065
0.977508598113853 3.514023226050745
0.9777181625138219 3.4962777560195986
0.9779277046351349 3.4738842453902468
0.978137249308683 3.4480737839326707
0.97834679142056 3.422392546919422
0.9785563318727 3.3945259403619534
0.9787658736371195 3.3645151145402363
0.9789754171978315 3.33583520482493
0.9791849607505224 3.3096042816497873
0.9793945036998173 3.2835228878737275
0.9796040468240682 3.2598410748401485
0.9798135896695096 3.236285799318928
0.9800231320923182 3.21508357794161
0.9802326738043257 3.1950938966519336
0.9804422146197267 3.1751986678493154
0.9806517550279055 3.156495807869909
0.9808612956057665 3.1378778463673394
0.9810708358869734 3.119345060691505
0.9812803753518732 3.1008977046060147
0.9814899144240423 3.081458581569612
0.9816994534939696 3.063187812831878
0.9819089922619887 3.045003111850394
0.9821185302154734 3.026904644698043
0.9823280673821998 3.0088925577321244
0.9825376042045431 2.992019027382297
0.982747140867109 2.977317620590136
0.9829566771896617 2.963718956039871
0.9831662130970605 2.9522520149798948
0.983375748657405 2.9428970006834545
0.9835852839512769 2.9815120254981555
0.9837948190184826 3.012064878692334
0.9840043538321914 3.0300922190004385
0.9842138884377574 3.0386055628419624
0.9844234841789987 3.042869401605742
0.9846330797567197 3.045003111850394
0.9848426751801339 3.041802994157226
0.9850522704718165 3.6361928718600933
0.9852618656428097 3.6048094982934558
0.985471460694984 3.575984939289984
0.9856810556389913 3.5508799464996903
0.9858906504850403 3.5306379165390793
0.9861002452344285 3.517579288417647
0.9863098402745569 3.4998221878514726
0.9865193812337208 3.478590805886742
0.986728927244558 3.453928511444805
0.9869384703609186 3.4282177582962152
0.9871480116624091 3.400318542913311
0.9873575536333997 3.371424141378168
0.9875670978995247 3.341557237415214
0.98777664251082 3.315293980759178
0.9879861861586413 3.289179972536796
0.9881957300570104 3.2643421659343854
0.9884052737119807 3.240762725090975
0.9886148169649942 3.2195385144098503
0.9888243595626267 3.199527899833279
0.9890339012545027 3.179611646806793
0.9892434423355465 3.1597901517539806
0.9894529836011563 3.1411571873315336
0.9896625247406814 3.1226093515322195
0.989872065083137 3.1041469022053
0.9900816048561767 3.08577007432286
0.9902911446489889 3.066405817127941
0.9905006842548172 3.0482059150722525
0.9907102231104332 3.0300922190004385
0.9909197610834085 3.012064878692334
0.9911292985802452 2.9951769729099684
0.9913388359134305 2.980462974387148
0.9915483729357679 2.965807757231447
0.9917579095333698 2.954334210940627
0.9919674457560326 2.9449737900201165
0.9921769816997511 2.971035012433942
0.9923865173966284 3.0078357160653297
0.9925960528451405 3.026904644698043
0.99280558806736 3.0375403495249422
0.9930151230898604 3.041802994157226
0.9932246579229616 3.04393610751402
0.9934341925745778 3.042869401605742
0.993643788366443 3.0375403495249422
0.9938533840100006 3.6120374855085937
0.9940629795120844 3.5807792435425454
0.9942725748815838 3.555653366562958
0.994482170129785 3.534204719326311
0.9946917652614571 3.5199512808713935
0.9949013602924236 3.504551729931199
0.9951108999182703 3.483301570029777
0.9953204469392329 3.45861708629119
0.9955299909115815 3.432882781610596
0.9957395329992674 3.4072786763472807
0.9959490749311676 3.3771892661997907
0.9961586197572548 3.348432901364111
0.9963681652991524 3.3209907336121516
0.9965777095254396 3.2948441700108724
0.996787254045997 3.268847842419463
0.996996798377563 3.2463653708260054
0.9972063423160089 3.2239980896255496
0.9974158856662719 3.2028564605636154
0.9976254281298854 3.1829244521969917
0.9978349698309833 3.1641867203218283
0.9980445116217254 3.145533765661699
0.9982540534645411 3.1269658755317082
0.9984635945986737 3.10848331330252
0.9986731350318082 3.089006812640824
0.9988826754093661 3.070700657277169
0.999092215731785 3.0524804953659843
0.9993017554151236 3.034346501340703
0.9995112941659591 3.0162988295721553
0.9997208323117025 2.999391761707777
0.99993037025182 2.9836110273581258
1.0001399079232236 2.9689432100532596
1.0003494451763593 2.9564176081081053
1.000558982036869 2.9460126353040166
1.0007685185984203 2.9522520149798948
1.0009780549163687 3.002555998608515
1.0011875909843058 3.0237197604841204
1.001397126816739 3.0364754348091476
1.0016066624539925 3.041802994157226
1.0018161979198412 3.04393610751402
1.002025733213181 3.045003111850394
1.0022352683541422 3.0386055628419624
1.0024448033650661 3.618067409133025
1.0026543382533641 3.586777655355058
1.0028638730284987 3.5604307933645254
1.0030734077033108 3.538964012461895
1.00328294228102 3.5235111920735287
1.0034925380630428 3.508101604836998
1.0037020765453604 3.4880165268244205
1.0039116244651631 3.4644837789098823
1.0041211696573518 3.4387201126933538
1.0043307129166903 3.4130862756668834
1.00454025514748 3.382961285249585
1.0047498006302666 3.3541702914228937
1.0049593472352762 3.3266945266888297
1.0051688923484183 3.299380640879351
1.0053784376511932 3.274486377362728
1.0055879828121745 3.2508526716908195
1.0057975275625577 3.228462298636634
1.0060070717621237 3.207298615671891
1.0062166150940135 3.1873456175824444
1.006426157550575 3.16858798254752
1.0066356998859218 3.148819290255062
1.006845242425739 3.1302363689255266
1.0070547843883668 3.1117387307240274
1.0072643255515945 3.093326619938527
1.007473866517056 3.0750002584004936
1.0076834075345968 3.0556895614314077
1.007892948045371 3.0375403495249422
1.0081024875967504 3.019477434063988
1.008312026417093 3.002555998608515
1.0085215649576467 2.9867617790036234
1.0087311032627058 2.9720813637348478
1.0089406410966646 2.958502206356187
1.0091501784056436 2.9480912270590585
1.0093597153599827 2.9428970006834545
1.0095692520712287 2.9962302207115714
1.0097787885440441 3.019477434063988
1.0099883247853625 3.034346501340703
1.0101978608352753 3.040736885189894
1.0104073967243712 3.04393610751402
1.0106169324512864 3.046070414574394
1.010826468032055 3.0386055628419624
1.0110360034900723 3.6241033017125064
1.0112455388348605 3.5927821872933468
1.0114550740712174 3.5664081909768095
1.0116646092117982 3.542536142411707
1.011874144265056 3.525885745653075
1.0120836792298906 3.511653804217878
1.012293216680512 3.492735665051763
1.0125027641012858 3.470357090250408
1.0127123108948117 3.4445641503122353
1.012921855162279 3.4189006633812458
1.0131313978675585 3.3887401821769036
1.0133409433760734 3.359914638325279
1.0135504907741069 3.332405346221794
1.0137600367760142 3.305057609979226
1.0139695827532291 3.2801320562991307
1.0141791286769992 3.2553445748775953
1.0143886741997499 3.2329311364171165
1.0145982192023777 3.211745422692192
1.0148077633856223 3.191771455070025
1.0150173066259258 3.171892007053741
1.0152268495110404 3.1532041079462276
1.0154363926899725 3.1346011579975546
1.0156459354671739 3.1160834303555855
1.0158554773883828 3.0976511746943607
1.0160650189303266 3.078228082172104
1.0162745605866526 3.0599724889039237
1.0164841018896489 3.041802994157226
1.0166936422490942 3.0237197604841204
1.0169031817769751 3.0057229308314866
1.0171127209150221 2.9899152288048416
1.017322259847169 2.9741749664501462
1.0175317983161845 2.961631355546226
1.0177413362340981 2.950171020319289
1.0179508737061038 2.9428970006834545
1.0181604109117606 2.9888637791048978
1.0183699478833665 3.0152398930417994
1.0185794846234608 3.0322187626537804
1.0187890211691637 3.0396710747393834
1.0189985575554696 3.042869401605742
1.0192080937836165 3.045003111850394
1.019417629868135 3.0396710747393834
1.019627165833063 3.631354209034572
1.0198367016874401 3.5999956644497506
1.0200462374343489 3.5711945837969714
1.0202557730868844 3.547302518865691
1.0204653086551152 3.5282613210003353
1.0206748441341043 3.5152083230840168
1.0208843809271995 3.4974589734306654
1.0210939273070807 3.475060490829829
1.0213034758035755 3.449244196046192
1.0215130211006407 3.42355704904084
1.0217225645884576 3.3956839138657626
1.0219321097302139 3.3668170161442217
1.02214165767226 3.336979051481993
1.0223512046104446 3.3107416565261243
1.0225607512029535 3.2846537351977068
1.0227702978518007 3.2598410748401485
1.0229798441190965 3.2374045978678025
1.0231893898861821 3.2161968769074827
1.0233989348842798 3.1962019603338128
1.0236084789079123 3.176301473649168
1.0238180223556317 3.1575936288036313
1.0240275660892273 3.138970665362295
1.0242371096273868 3.119345060691505
1.0244466522945581 3.1008977046060147
1.024656194411288 3.0825360090991483
1.0248657366301834 3.0642601831593472
1.0250752786613475 3.045003111850394
1.025284819797311 3.026904644698043
1.0254943600282918 3.0099496987491827
1.0257038997422698 2.993071376221238
1.0259134392541656 2.977317620590136
1.0261229783330588 2.963718956039871
1.0263325168228759 2.9522520149798948
1.026542054817923 2.943935245140781
1.026751592455498 2.979414223190864
1.02696112985522 3.0110071390715514
1.0271706670280036 3.029029395381208
1.027380204009264 3.0386055628419624
1.0275897408371382 3.042869401605742
1.0277992775195552 3.045003111850394
1.0280088140635202 3.041802994157226
1.028218350492235 3.6386136146497847
1.0284278868198986 3.60601356077065
1.0286374230478825 3.5771831457037937
1.0288469591869045 3.552072925149148
1.0290564952478154 3.531826596407988
1.0292660312278707 3.517579288417647
1.0294755676056504 3.5010041844932656
1.029685112662626 3.4797681032499495
1.0298946627120882 3.455100256234162
1.0301042090313575 3.4293836100584483
1.0303137533836328 3.401477883247125
1.0305232982535906 3.37257661402427
1.0307328465439445 3.3438480083260584
1.0309423944418008 3.316432767465162
1.0311519416140678 3.2903122434032803
1.031361488952688 3.265468155400661
1.0315710359380332 3.2418826777572933
1.031780582435557 3.2206529735199947
1.031990128216169 3.199527899833279
1.032199673021336 3.180715622883671
1.0324092170733903 3.160888853659023
1.0326187612889035 3.1422508901972144
1.0328283055280645 3.1236980394631653
1.0330378489346232 3.1052305606816173
1.03324739165104 3.086848690139957
1.0334569343656133 3.0674790806960957
1.0336664770577688 3.049274112786608
1.0338760189419798 3.031155341440078
1.0340855598695171 3.013122917573758
1.0342951001603202 2.9962302207115714
1.0345046402117994 2.980462974387148
1.0347141798686312 2.9668526080460627
1.034923718920072 2.954334210940627
1.0351332574266519 2.9449737900201165
1.0353427955323207 2.9678977589920854
1.035552333292975 3.006779173748987
1.035761870710678 3.0258427176928766
1.0359714078174909 3.0375403495249422
1.036180944667918 3.041802994157226
1.0363904812946958 3.04393610751402
1.0366000176934602 3.042869401605742
1.036809553898211 3.0375403495249422
1.0370190899468814 3.613242991276744
1.037228625848523 3.5819784349542
1.0374381616178827 3.556847348145233
1.0376476973068343 3.5353941620067197
1.0378572329816995 3.521137661801401
1.038066768646409 3.504551729931199
1.0382763114691587 3.4844799166048834
1.0384858621440245 3.460962967772513
1.0386954088423748 3.4340497103825554
1.0389049535820292 3.4084396522792266
1.0391144979030007 3.3783431189948905
1.0393240459108435 3.349579822108349
1.0395335943782926 3.3221309294541737
1.0397431417751386 3.2959778619586526
1.03995268947782 3.2699749773286633
1.0401622369167407 3.2474867642734897
1.0403717839066604 3.2251137076506287
1.0405813302738238 3.203966562965783
1.0407908757164248 3.184029305295166
1.0410004203064278 3.165286595999078
1.0412099648725384 3.146628646259125
1.0414195096715997 3.128055744810042
1.0416290537516317 3.10848331330252
1.0418385970549078 3.090086319241343
1.0420481402013981 3.071775111310011
1.0422576834701407 3.0535498859356576
1.0424672260652155 3.034346501340703
1.0426767676755457 3.0173580652752747
1.0428863085547457 2.999391761707777
1.04309584911343 2.9836110273581258
1.0433053893235003 2.9689432100532596
1.0435149289273555 2.9564176081081053
1.043724467944412 2.9470517809875076
1.0439340065221179 2.9460126353040166
1.0441435447549527 3.0015009534702677
1.044353082646113 3.0226587303436268
1.0445626202183296 3.035410818737712
1.044772157524698 3.041802994157226
1.0449816945941768 3.04393610751402
1.0451912314361735 3.045003111850394
1.0454007680810782 3.0386055628419624
1.045610304557365 3.61927411110236
1.0458198408710775 3.587978073029577
1.0460293770359894 3.5616257745619033
1.0462389130732854 3.540154469435282
1.0464484489897201 3.5235111920735287
1.046657984786513 3.5092854132634126
1.0468675255324147 3.489195919801802
1.0470770766458675 3.465657912342011
1.0472866239092495 3.4398883843116987
1.0474961691938325 3.414248610714499
