0.01676489696238083 15.005906827928895 89.25561148653246 36.549190848907486 14.394926194411486 2.0
0.01676489696238083 89.25561148653246 163.50531614513602 83.57060379533178 84.21402174714925 3.0
0.01676489696238083 163.50531614513602 237.7550208037396 221.80046727033053 119.65904465238275 2.0
0.01676489696238083 237.7550208037396 312.0047254623431 28.99817173950976 19.481063442887635 3.0
0.01676489696238083 312.0047254623431 386.25443012094667 138.61279399958278 24.46045742085336 2.0
0.01676489696238083 386.25443012094667 460.50413477955027 340.1502890384824 186.076433051296 3.0
0.01676489696238083 460.50413477955027 534.7538394381538 441.40208738663694 152.5714935995974 2.0
0.01676489696238083 534.7538394381538 609.0035440967574 133.69611387477818 55.434427761788015 3.0
0.01676489696238083 609.0035440967574 683.253248755361 143.47841211276483 13.70212987832035 2.0
0.01676489696238083 683.253248755361 757.5029534139645 117.15595126775645 96.31048871090215 3.0
0.01676489696238083 757.5029534139645 831.7526580725681 215.6988205177174 108.99586492682104 2.0
0.01676489696238083 831.7526580725681 906.0023627311717 183.92260058311297 102.87401606280828 3.0
0.01676489696238083 906.0023627311717 980.2520673897752 746.0868181677691 509.44806070641783 2.0
0.01676489696238083 980.2520673897752 1054.5017720483786 193.01081232902126 64.25976862620315 3.0
0.01676489696238083 1054.5017720483786 1128.7514767069822 581.0027909716168 222.58168088939195 2.0
0.01676489696238083 1128.7514767069822 1203.0011813655858 260.470932648958 135.4925389205397 3.0
0.01676489696238083 1203.0011813655858 1277.2508860241894 132.86749713435316 72.8041759911815 2.0
0.01676489696238083 1277.2508860241894 1351.500590682793 251.02096166688452 53.29251142603395 3.0
0.01676489696238083 1351.500590682793 1425.7502953413964 78.5420373513355 20.77825307147973 2.0
0.01676489696238083 1425.7502953413964 1500.0 434.17241219292606 49.00237916824318 2.0
0.05008510917837322 15.005906827928895 89.25561148653246 5.818223117216908 5.664079018343367 2.0
0.05008510917837322 89.25561148653246 163.50531614513602 111.92175104141582 136.99349980840384 3.0
0.05008510917837322 163.50531614513602 237.7550208037396 129.29442990197361 12.789534379974057 2.0
0.05008510917837322 237.7550208037396 312.0047254623431 232.4383905208944 111.82491043599916 3.0
0.05008510917837322 312.0047254623431 386.25443012094667 145.71856175963816 113.75153687146708 2.0
0.05008510917837322 386.25443012094667 460.50413477955027 391.5341515584689 346.48696152246805 3.0
0.05008510917837322 460.50413477955027 534.7538394381538 100.96612428877262 31.392189796180453 2.0
0.05008510917837322 534.7538394381538 609.0035440967574 546.2626836694168 570.3438904576786 3.0
0.05008510917837322 609.0035440967574 683.253248755361 518.5660704600298 154.1168511565325 2.0
0.05008510917837322 683.253248755361 757.5029534139645 344.0907804845051 311.3153738408668 3.0
0.05008510917837322 757.5029534139645 831.7526580725681 56.52872379230547 37.73056576585711 2.0
0.05008510917837322 831.7526580725681 906.0023627311717 339.58870397277923 172.03644365866504 3.0
0.05008510917837322 906.0023627311717 980.2520673897752 715.6698882827321 638.5482792820558 2.0
0.05008510917837322 980.2520673897752 1054.5017720483786 1108.2543175402686 1058.0604036918023 3.0
0.05008510917837322 1054.5017720483786 1128.7514767069822 655.6900357069504 600.2192978158316 2.0
0.05008510917837322 1128.7514767069822 1203.0011813655858 706.5114690878909 968.066419823287 3.0
0.05008510917837322 1203.0011813655858 1277.2508860241894 686.7053996712765 492.6951836950042 2.0
0.05008510917837322 1277.2508860241894 1351.500590682793 527.5223808082545 551.2429988426502 3.0
0.05008510917837322 1351.500590682793 1425.7502953413964 598.9969731206186 378.7948122464262 2.0
0.05008510917837322 1425.7502953413964 1500.0 261.9689069359033 23.203532160328407 2.0
0.08340532139436563 15.005906827928895 89.25561148653246 0.3069288588557132 0.20211047632040458 2.0
0.08340532139436563 89.25561148653246 163.50531614513602 165.51961411858116 217.89333300443377 3.0
0.08340532139436563 163.50531614513602 237.7550208037396 19.04235029279604 6.343063122859267 2.0
0.08340532139436563 237.7550208037396 312.0047254623431 255.617713919534 268.1417926590579 3.0
0.08340532139436563 312.0047254623431 386.25443012094667 187.09266044783848 143.0725009294787 2.0
0.08340532139436563 386.25443012094667 460.50413477955027 140.59721601394483 95.57128286401996 3.0
0.08340532139436563 460.50413477955027 534.7538394381538 335.67246140184676 128.79244970057613 2.0
0.08340532139436563 534.7538394381538 609.0035440967574 694.1225902238574 535.626027094251 3.0
0.08340532139436563 609.0035440967574 683.253248755361 214.4017075296332 116.21603511999575 2.0
0.08340532139436563 683.253248755361 757.5029534139645 1016.8739484217441 984.326308316082 3.0
0.08340532139436563 757.5029534139645 831.7526580725681 1072.5424452144282 939.9117777363374 2.0
0.08340532139436563 831.7526580725681 906.0023627311717 35.941203382060216 32.12389853836874 3.0
0.08340532139436563 906.0023627311717 980.2520673897752 546.5766882190932 537.8482257215147 2.0
0.08340532139436563 980.2520673897752 1054.5017720483786 701.5454238738806 744.1790438936594 3.0
0.08340532139436563 1054.5017720483786 1128.7514767069822 35.4718254134849 35.42885689379551 2.0
0.08340532139436563 1128.7514767069822 1203.0011813655858 1466.907491773681 1087.124826195014 3.0
0.08340532139436563 1203.0011813655858 1277.2508860241894 649.4435725470051 428.62728213981006 2.0
0.08340532139436563 1277.2508860241894 1351.500590682793 1305.169277442293 819.9642160128102 3.0
0.08340532139436563 1351.500590682793 1425.7502953413964 694.4583845663761 342.66594010137175 2.0
0.08340532139436563 1425.7502953413964 1500.0 490.70830319880184 411.3501846796056 3.0
0.116725533610358 15.005906827928895 89.25561148653246 0.41753758085682413 0.40171981813716706 2.0
0.116725533610358 89.25561148653246 163.50531614513602 172.27627191500798 227.49967155794076 3.0
0.116725533610358 163.50531614513602 237.7550208037396 64.8012861034999 45.89242502358203 2.0
0.116725533610358 237.7550208037396 312.0047254623431 228.39569623426328 266.68241458518537 3.0
0.116725533610358 312.0047254623431 386.25443012094667 205.42099408554014 7.756749105277308 2.0
0.116725533610358 386.25443012094667 460.50413477955027 112.22242002904623 99.65332179023245 3.0
0.116725533610358 460.50413477955027 534.7538394381538 121.87040236829057 69.64854534929108 2.0
0.116725533610358 534.7538394381538 609.0035440967574 627.3772725519801 582.7750115749213 3.0
0.116725533610358 609.0035440967574 683.253248755361 119.09460986641092 60.23519762651863 2.0
0.116725533610358 683.253248755361 757.5029534139645 1052.5717086557688 1449.4097385665136 3.0
0.116725533610358 757.5029534139645 831.7526580725681 1277.7242216242917 1235.6977841183493 2.0
0.116725533610358 831.7526580725681 906.0023627311717 7.998973507407761 2.837970066154186 3.0
0.116725533610358 906.0023627311717 980.2520673897752 578.9237181597318 534.9067991884303 2.0
0.116725533610358 980.2520673897752 1054.5017720483786 606.274354723298 820.3759911736687 3.0
0.116725533610358 1054.5017720483786 1128.7514767069822 217.53212896561593 17.205148514337736 2.0
0.116725533610358 1128.7514767069822 1203.0011813655858 1296.9231451546957 967.9475171105549 3.0
0.116725533610358 1203.0011813655858 1277.2508860241894 1612.3776766278365 1036.9662447126057 2.0
0.116725533610358 1277.2508860241894 1351.500590682793 822.8778066605346 687.3781368392496 3.0
0.116725533610358 1351.500590682793 1425.7502953413964 1767.0539155235883 1203.676056619534 2.0
0.116725533610358 1425.7502953413964 1500.0 109.89184538612305 59.307947062064684 2.0
0.1500457458263504 15.005906827928895 89.25561148653246 0.1726533561094478 0.10095085414372464 2.0
0.1500457458263504 89.25561148653246 163.50531614513602 171.95989180253574 222.50979790551978 3.0
0.1500457458263504 163.50531614513602 237.7550208037396 51.09274520007682 32.846932137692285 2.0
0.1500457458263504 237.7550208037396 312.0047254623431 206.87334090870343 243.69230766360502 3.0
0.1500457458263504 312.0047254623431 386.25443012094667 197.2030574666834 58.01653659046035 2.0
0.1500457458263504 386.25443012094667 460.50413477955027 147.11358031242557 143.24960767613655 3.0
0.1500457458263504 460.50413477955027 534.7538394381538 189.89048072447622 86.97666513012327 2.0
0.1500457458263504 534.7538394381538 609.0035440967574 710.2709907029656 663.6723075354265 3.0
0.1500457458263504 609.0035440967574 683.253248755361 129.91193122674983 4.972792615463284 2.0
0.1500457458263504 683.253248755361 757.5029534139645 1134.9534011802846 1508.5096044796032 3.0
0.1500457458263504 757.5029534139645 831.7526580725681 1250.3187756195994 1205.1120660861689 2.0
0.1500457458263504 831.7526580725681 906.0023627311717 32.296872782785385 6.426138128513835 3.0
0.1500457458263504 906.0023627311717 980.2520673897752 606.6211284914292 541.5419118385167 2.0
0.1500457458263504 980.2520673897752 1054.5017720483786 792.973474099843 1004.6311320605419 3.0
0.1500457458263504 1054.5017720483786 1128.7514767069822 330.05376557339343 8.91992055427582 2.0
0.1500457458263504 1128.7514767069822 1203.0011813655858 1582.6124707350639 1194.6173085559076 3.0
0.1500457458263504 1203.0011813655858 1277.2508860241894 1500.7427367074151 962.2145090695946 2.0
0.1500457458263504 1277.2508860241894 1351.500590682793 918.1661627651555 815.8140999597242 3.0
0.1500457458263504 1351.500590682793 1425.7502953413964 1533.759898978831 890.9395892450959 2.0
0.1500457458263504 1425.7502953413964 1500.0 84.28694408183597 32.64573546246885 2.0
0.1833659580423428 15.005906827928895 89.25561148653246 0.17488818613406532 0.14149264977584752 2.0
0.1833659580423428 89.25561148653246 163.50531614513602 177.68208189346078 233.0826844838069 3.0
0.1833659580423428 163.50531614513602 237.7550208037396 56.50855887331642 29.216231228154133 2.0
0.1833659580423428 237.7550208037396 312.0047254623431 210.69985196335335 246.04756443814165 3.0
0.1833659580423428 312.0047254623431 386.25443012094667 196.39214533998188 49.25021135299153 2.0
0.1833659580423428 386.25443012094667 460.50413477955027 121.63497950398448 125.73465563140374 3.0
0.1833659580423428 460.50413477955027 534.7538394381538 253.1584900627467 147.89998042664712 2.0
0.1833659580423428 534.7538394381538 609.0035440967574 795.8981818259293 695.3244230760658 3.0
0.1833659580423428 609.0035440967574 683.253248755361 137.02215702451278 66.03420077068489 2.0
0.1833659580423428 683.253248755361 757.5029534139645 1117.2584297996736 1507.530247240481 3.0
0.1833659580423428 757.5029534139645 831.7526580725681 1107.5192984328207 1080.7650359672614 2.0
0.1833659580423428 831.7526580725681 906.0023627311717 17.018209973828483 8.958359022825338 3.0
0.1833659580423428 906.0023627311717 980.2520673897752 558.7324625984229 528.4857423673973 2.0
0.1833659580423428 980.2520673897752 1054.5017720483786 906.6280088754461 1065.2632898596173 3.0
0.1833659580423428 1054.5017720483786 1128.7514767069822 291.590020812757 128.41582276189177 2.0
0.1833659580423428 1128.7514767069822 1203.0011813655858 1595.2770785004634 1262.9850852109828 3.0
0.1833659580423428 1203.0011813655858 1277.2508860241894 1473.1128262257412 841.5721995791221 2.0
0.1833659580423428 1277.2508860241894 1351.500590682793 908.3206287506881 815.7301191382616 3.0
0.1833659580423428 1351.500590682793 1425.7502953413964 1201.789630019725 577.4704647900587 2.0
0.1833659580423428 1425.7502953413964 1500.0 134.68099558144218 25.24960548128759 2.0
0.2166861702583352 15.005906827928895 89.25561148653246 0.5160265424620707 0.37936484514607594 2.0
0.2166861702583352 89.25561148653246 163.50531614513602 157.76668146021623 210.0821639792016 3.0
0.2166861702583352 163.50531614513602 237.7550208037396 25.57609949345988 23.08126047353244 2.0
0.2166861702583352 237.7550208037396 312.0047254623431 260.68016117289153 294.13723107218993 3.0
0.2166861702583352 312.0047254623431 386.25443012094667 244.54323450559818 124.13451734636372 2.0
0.2166861702583352 386.25443012094667 460.50413477955027 279.836712629019 235.88137179120048 3.0
0.2166861702583352 460.50413477955027 534.7538394381538 107.41646175296607 41.35388361821744 2.0
0.2166861702583352 534.7538394381538 609.0035440967574 728.7345422021257 818.1155158887003 3.0
0.2166861702583352 609.0035440967574 683.253248755361 34.11536300339808 33.39166241683163 2.0
0.2166861702583352 683.253248755361 757.5029534139645 945.8533764060991 1141.7309235598184 3.0
0.2166861702583352 757.5029534139645 831.7526580725681 773.8878813420615 711.5666287463004 2.0
0.2166861702583352 831.7526580725681 906.0023627311717 102.82768330970187 46.89733411917597 3.0
0.2166861702583352 906.0023627311717 980.2520673897752 310.582158634797 269.9251476140571 2.0
0.2166861702583352 980.2520673897752 1054.5017720483786 739.8752892988399 628.7655130781894 3.0
0.2166861702583352 1054.5017720483786 1128.7514767069822 120.74031147012903 45.08412423204337 2.0
0.2166861702583352 1128.7514767069822 1203.0011813655858 1577.624895420389 866.7716525259651 3.0
0.2166861702583352 1203.0011813655858 1277.2508860241894 1158.7272392402374 1147.526660866245 2.0
0.2166861702583352 1277.2508860241894 1351.500590682793 892.2757046789939 775.0406588991553 3.0
0.2166861702583352 1351.500590682793 1425.7502953413964 1136.5454640232213 526.3037390079087 2.0
0.2166861702583352 1425.7502953413964 1500.0 264.3486086886816 189.33695142659298 2.0
0.2500063824743276 15.005906827928895 89.25561148653246 2.4113240891965577 1.7725011024058628 2.0
0.2500063824743276 89.25561148653246 163.50531614513602 141.69587970802195 185.69412526618532 3.0
0.2500063824743276 163.50531614513602 237.7550208037396 46.122547979145395 32.33544450411239 2.0
0.2500063824743276 237.7550208037396 312.0047254623431 194.11619941358836 246.77980005715432 3.0
0.2500063824743276 312.0047254623431 386.25443012094667 185.55684317596538 52.123324668566454 2.0
0.2500063824743276 386.25443012094667 460.50413477955027 227.10101601868044 253.00378286759198 3.0
0.2500063824743276 460.50413477955027 534.7538394381538 67.36508268329419 64.84372544017768 2.0
0.2500063824743276 534.7538394381538 609.0035440967574 752.9194137611922 809.4809613759252 3.0
0.2500063824743276 609.0035440967574 683.253248755361 32.85374442777279 10.746341281874543 2.0
0.2500063824743276 683.253248755361 757.5029534139645 987.8792075453629 1236.3308688825766 3.0
0.2500063824743276 757.5029534139645 831.7526580725681 929.8262314508578 915.5181505820193 2.0
0.2500063824743276 831.7526580725681 906.0023627311717 23.415109031138233 10.938117380354795 3.0
0.2500063824743276 906.0023627311717 980.2520673897752 509.5092306938459 470.0226020496017 2.0
0.2500063824743276 980.2520673897752 1054.5017720483786 760.3720228448789 771.0390364369574 3.0
0.2500063824743276 1054.5017720483786 1128.7514767069822 92.3943955152491 3.1096266390776393 2.0
0.2500063824743276 1128.7514767069822 1203.0011813655858 1431.7607337022694 990.2987157474922 3.0
0.2500063824743276 1203.0011813655858 1277.2508860241894 894.9846007355408 890.7222644940357 2.0
0.2500063824743276 1277.2508860241894 1351.500590682793 839.9129377069958 785.112557960765 3.0
0.2500063824743276 1351.500590682793 1425.7502953413964 837.5370354945405 184.6955742162587 2.0
0.2500063824743276 1425.7502953413964 1500.0 353.34288867649434 92.44691902127602 2.0
0.28332659469031996 15.005906827928895 89.25561148653246 0.3956290949411684 0.3142243692283365 2.0
0.28332659469031996 89.25561148653246 163.50531614513602 159.35682046528768 210.86393372284408 3.0
0.28332659469031996 163.50531614513602 237.7550208037396 36.14293143671602 21.915513716649222 2.0
0.28332659469031996 237.7550208037396 312.0047254623431 211.65167571388724 246.04724277787457 3.0
0.28332659469031996 312.0047254623431 386.25443012094667 191.10108047759707 98.71921948757122 2.0
0.28332659469031996 386.25443012094667 460.50413477955027 134.67647259302464 145.15694302018693 3.0
0.28332659469031996 460.50413477955027 534.7538394381538 259.17323704464974 196.93509166200076 2.0
0.28332659469031996 534.7538394381538 609.0035440967574 782.2345212500813 672.8493598020473 3.0
0.28332659469031996 609.0035440967574 683.253248755361 143.13171243042 10.020888919806652 2.0
0.28332659469031996 683.253248755361 757.5029534139645 1122.5403926659005 1426.9412373715645 3.0
0.28332659469031996 757.5029534139645 831.7526580725681 1218.986071064908 1189.0699525625153 2.0
0.28332659469031996 831.7526580725681 906.0023627311717 30.000367659347933 14.126724477916161 3.0
0.28332659469031996 906.0023627311717 980.2520673897752 662.6692261888493 576.8549124501228 2.0
0.28332659469031996 980.2520673897752 1054.5017720483786 927.5877752380051 1015.0826365598836 3.0
0.28332659469031996 1054.5017720483786 1128.7514767069822 114.25373846436989 22.41170728489257 2.0
0.28332659469031996 1128.7514767069822 1203.0011813655858 1707.4366223807326 1204.9773541162394 3.0
0.28332659469031996 1203.0011813655858 1277.2508860241894 1076.8870435206434 797.8335629293026 2.0
0.28332659469031996 1277.2508860241894 1351.500590682793 1056.2532663247594 711.020190499169 3.0
0.28332659469031996 1351.500590682793 1425.7502953413964 986.2473018161302 477.6508073569359 2.0
0.28332659469031996 1425.7502953413964 1500.0 306.91692396143236 33.300293849713796 2.0
0.3166468069063124 15.005906827928895 89.25561148653246 0.6228389356280373 0.5407041128894154 2.0
0.3166468069063124 89.25561148653246 163.50531614513602 156.41092036737209 206.30150646912452 3.0
0.3166468069063124 163.50531614513602 237.7550208037396 53.42166135972593 32.66473768220055 2.0
0.3166468069063124 237.7550208037396 312.0047254623431 200.02103548799224 238.23514267196012 3.0
0.3166468069063124 312.0047254623431 386.25443012094667 199.40210198740493 61.38883465404912 2.0
0.3166468069063124 386.25443012094667 460.50413477955027 156.41250880754345 159.23869644120398 3.0
0.3166468069063124 460.50413477955027 534.7538394381538 189.26863445300796 118.95489023545521 2.0
0.3166468069063124 534.7538394381538 609.0035440967574 821.8478049938295 843.9132095507875 3.0
0.3166468069063124 609.0035440967574 683.253248755361 94.62997081321603 70.66432990999535 2.0
0.3166468069063124 683.253248755361 757.5029534139645 1196.2929222125547 1655.4253193457846 3.0
0.3166468069063124 757.5029534139645 831.7526580725681 1215.8949843165417 1200.8254353664852 2.0
0.3166468069063124 831.7526580725681 906.0023627311717 22.86081883206273 16.473038810776472 3.0
0.3166468069063124 906.0023627311717 980.2520673897752 608.3649884639241 574.0133765813773 2.0
0.3166468069063124 980.2520673897752 1054.5017720483786 826.4817575576473 899.3203538562036 3.0
0.3166468069063124 1054.5017720483786 1128.7514767069822 301.5789410530844 211.01286542261954 2.0
0.3166468069063124 1128.7514767069822 1203.0011813655858 1451.5853637478358 1013.8868837012169 3.0
0.3166468069063124 1203.0011813655858 1277.2508860241894 2016.782577994278 1257.9409983991043 2.0
0.3166468069063124 1277.2508860241894 1351.500590682793 580.9684602713959 535.5169962433389 3.0
0.3166468069063124 1351.500590682793 1425.7502953413964 1385.816306004237 1105.2048777687223 2.0
0.3166468069063124 1425.7502953413964 1500.0 46.95631751509036 30.11487515061177 2.0
0.34996701912230477 15.005906827928895 89.25561148653246 0.2841121618330667 0.22951100772541302 2.0
0.34996701912230477 89.25561148653246 163.50531614513602 171.1935405735138 225.517151727677 3.0
0.34996701912230477 163.50531614513602 237.7550208037396 45.60752005740126 29.525039972712573 2.0
0.34996701912230477 237.7550208037396 312.0047254623431 221.59817342083167 252.0667425442498 3.0
0.34996701912230477 312.0047254623431 386.25443012094667 172.68898746313323 36.19288380530038 2.0
0.34996701912230477 386.25443012094667 460.50413477955027 154.79611234191225 167.69896278915442 3.0
0.34996701912230477 460.50413477955027 534.7538394381538 223.9445245157549 82.08051597068419 2.0
0.34996701912230477 534.7538394381538 609.0035440967574 764.1228202708262 785.117786208045 3.0
0.34996701912230477 609.0035440967574 683.253248755361 123.63414124033054 53.04209870612417 2.0
0.34996701912230477 683.253248755361 757.5029534139645 1135.1122534042183 1517.1904523528985 3.0
0.34996701912230477 757.5029534139645 831.7526580725681 1095.9807982735963 1090.1648683027836 2.0
0.34996701912230477 831.7526580725681 906.0023627311717 6.0001866795715335 6.5670744469916436 3.0
0.34996701912230477 906.0023627311717 980.2520673897752 594.1621499472502 556.6106705391068 2.0
0.34996701912230477 980.2520673897752 1054.5017720483786 909.4948073136453 1122.9847607828965 3.0
0.34996701912230477 1054.5017720483786 1128.7514767069822 223.72518240022265 121.85322394132659 2.0
0.34996701912230477 1128.7514767069822 1203.0011813655858 1749.8425211787614 969.9469322986257 3.0
0.34996701912230477 1203.0011813655858 1277.2508860241894 1367.5022718231467 1150.9423601229557 2.0
0.34996701912230477 1277.2508860241894 1351.500590682793 811.8956963385832 539.1879937707472 3.0
0.34996701912230477 1351.500590682793 1425.7502953413964 1123.0281791401783 952.555372632601 2.0
0.34996701912230477 1425.7502953413964 1500.0 191.05468017857714 173.381500467017 2.0
0.3832872313382971 15.005906827928895 89.25561148653246 0.20846494367680238 0.1942758727079635 2.0
0.3832872313382971 89.25561148653246 163.50531614513602 176.85207533982137 232.12163490084527 3.0
0.3832872313382971 163.50531614513602 237.7550208037396 52.092188057898305 32.86646506728746 2.0
0.3832872313382971 237.7550208037396 312.0047254623431 209.2651910801582 243.03331414909346 3.0
0.3832872313382971 312.0047254623431 386.25443012094667 179.93964548484666 66.40887640504009 2.0
0.3832872313382971 386.25443012094667 460.50413477955027 149.05726004078815 138.38821737290436 3.0
0.3832872313382971 460.50413477955027 534.7538394381538 211.99752017623788 162.64731527488217 2.0
0.3832872313382971 534.7538394381538 609.0035440967574 795.6186100457866 687.2801031415748 3.0
0.3832872313382971 609.0035440967574 683.253248755361 122.27789895975766 41.87788917553106 2.0
0.3832872313382971 683.253248755361 757.5029534139645 1125.7151386608866 1495.2825198743813 3.0
0.3832872313382971 757.5029534139645 831.7526580725681 1101.141635606059 1074.8511733072687 2.0
0.3832872313382971 831.7526580725681 906.0023627311717 7.392121097863284 5.4227338156739195 3.0
0.3832872313382971 906.0023627311717 980.2520673897752 580.306369176961 554.0083882287072 2.0
0.3832872313382971 980.2520673897752 1054.5017720483786 935.1902774743977 1182.3009697094187 3.0
0.3832872313382971 1054.5017720483786 1128.7514767069822 258.1372342077378 19.348426473198728 2.0
0.3832872313382971 1128.7514767069822 1203.0011813655858 1661.500255511339 1242.5058101543204 3.0
0.3832872313382971 1203.0011813655858 1277.2508860241894 1359.0074166386169 733.147555760568 2.0
0.3832872313382971 1277.2508860241894 1351.500590682793 948.4872823932801 680.518444160654 3.0
0.3832872313382971 1351.500590682793 1425.7502953413964 1095.6962366320674 588.627958762335 2.0
0.3832872313382971 1425.7502953413964 1500.0 163.01076283047007 64.705249330366 2.0
0.4166074435542896 15.005906827928895 89.25561148653246 0.25283861385040096 0.23394548851634597 2.0
0.4166074435542896 89.25561148653246 163.50531614513602 173.13163349118668 226.0529717487654 3.0
0.4166074435542896 163.50531614513602 237.7550208037396 67.12435276099626 35.08513474677976 2.0
0.4166074435542896 237.7550208037396 312.0047254623431 202.86571769626983 228.62580401092336 3.0
0.4166074435542896 312.0047254623431 386.25443012094667 193.21470653367322 15.430333763465612 2.0
0.4166074435542896 386.25443012094667 460.50413477955027 127.37334444747064 145.41892548736388 3.0
0.4166074435542896 460.50413477955027 534.7538394381538 201.48109933078632 131.5388127105569 2.0
0.4166074435542896 534.7538394381538 609.0035440967574 787.2818112018809 764.4914933413733 3.0
0.4166074435542896 609.0035440967574 683.253248755361 112.88691426664987 72.03020569771897 2.0
0.4166074435542896 683.253248755361 757.5029534139645 1178.2598587355492 1617.5511597365635 3.0
0.4166074435542896 757.5029534139645 831.7526580725681 1255.0523693026025 1222.5455132033176 2.0
0.4166074435542896 831.7526580725681 906.0023627311717 17.551083808750267 10.217500103135151 3.0
0.4166074435542896 906.0023627311717 980.2520673897752 605.3526375828156 573.072979939251 2.0
0.4166074435542896 980.2520673897752 1054.5017720483786 801.0809950313146 953.4772603953237 3.0
0.4166074435542896 1054.5017720483786 1128.7514767069822 216.3746392911807 133.4207303310123 2.0
0.4166074435542896 1128.7514767069822 1203.0011813655858 1466.3229875013458 1093.5483866941404 3.0
0.4166074435542896 1203.0011813655858 1277.2508860241894 1715.0009401935615 1074.9183547824975 2.0
0.4166074435542896 1277.2508860241894 1351.500590682793 750.8382186471653 663.5805648023904 3.0
0.4166074435542896 1351.500590682793 1425.7502953413964 1369.0689943591112 904.5342298224367 2.0
0.4166074435542896 1425.7502953413964 1500.0 118.50482031141378 75.09850920821827 2.0
0.44992765577028193 15.005906827928895 89.25561148653246 0.5728386032080879 0.4173161308363277 2.0
0.44992765577028193 89.25561148653246 163.50531614513602 156.133835875133 208.023939416593 3.0
0.44992765577028193 163.50531614513602 237.7550208037396 25.186776368240466 23.048776226997056 2.0
0.44992765577028193 237.7550208037396 312.0047254623431 259.4570999532746 294.1602098649882 3.0
0.44992765577028193 312.0047254623431 386.25443012094667 246.84554480742514 132.33791050379966 2.0
0.44992765577028193 386.25443012094667 460.50413477955027 284.09028351416197 236.04411238645366 3.0
0.44992765577028193 460.50413477955027 534.7538394381538 112.24837476728594 39.535518157209125 2.0
0.44992765577028193 534.7538394381538 609.0035440967574 740.632536837437 838.4047673891987 3.0
0.44992765577028193 609.0035440967574 683.253248755361 32.53491072063133 30.557950709052744 2.0
0.44992765577028193 683.253248755361 757.5029534139645 954.557618307545 1172.9109286064208 3.0
0.44992765577028193 757.5029534139645 831.7526580725681 785.1526335111034 729.2673836548466 2.0
0.44992765577028193 831.7526580725681 906.0023627311717 93.4537341096098 44.49843518189583 3.0
0.44992765577028193 906.0023627311717 980.2520673897752 324.6280756014136 283.82480273294715 2.0
0.44992765577028193 980.2520673897752 1054.5017720483786 746.2998660591733 662.5103787384618 3.0
0.44992765577028193 1054.5017720483786 1128.7514767069822 126.99080730603916 60.66178741085391 2.0
0.44992765577028193 1128.7514767069822 1203.0011813655858 1599.82172561605 870.3097811341981 3.0
0.44992765577028193 1203.0011813655858 1277.2508860241894 1182.6940423012747 1167.3356475022747 2.0
0.44992765577028193 1277.2508860241894 1351.500590682793 897.8591175890882 767.5867612497935 3.0
0.44992765577028193 1351.500590682793 1425.7502953413964 1163.2925461956604 590.4490410217393 2.0
0.44992765577028193 1425.7502953413964 1500.0 253.2392347497912 187.28385757800774 2.0
0.48324786798627434 15.005906827928895 89.25561148653246 2.2503704640021622 1.6409116548921214 2.0
0.48324786798627434 89.25561148653246 163.50531614513602 143.7090548954696 188.57503549220291 3.0
0.48324786798627434 163.50531614513602 237.7550208037396 46.68996502415842 38.025639565792964 2.0
0.48324786798627434 237.7550208037396 312.0047254623431 198.60611912815133 245.56750982617086 3.0
0.48324786798627434 312.0047254623431 386.25443012094667 187.39018960905628 88.37520865270939 2.0
0.48324786798627434 386.25443012094667 460.50413477955027 208.1415483965203 195.4935333458249 3.0
0.48324786798627434 460.50413477955027 534.7538394381538 130.72657078128478 116.92184663457913 2.0
0.48324786798627434 534.7538394381538 609.0035440967574 777.3766986072302 771.6099042971812 3.0
0.48324786798627434 609.0035440967574 683.253248755361 30.377263871078064 16.244603686272605 2.0
0.48324786798627434 683.253248755361 757.5029534139645 1019.2310652448705 1259.4812198302745 3.0
0.48324786798627434 757.5029534139645 831.7526580725681 931.3928184509995 903.6893184607185 2.0
0.48324786798627434 831.7526580725681 906.0023627311717 91.00821942796436 42.787493783057094 3.0
0.48324786798627434 906.0023627311717 980.2520673897752 411.81256981614507 340.7725709510846 2.0
0.48324786798627434 980.2520673897752 1054.5017720483786 776.2644041506464 475.56387053445076 3.0
0.48324786798627434 1054.5017720483786 1128.7514767069822 158.43165807236352 124.38087943414723 2.0
0.48324786798627434 1128.7514767069822 1203.0011813655858 2032.9293441415161 244.31729209677167 2.0
0.48324786798627434 1203.0011813655858 1277.2508860241894 757.4782459996376 990.4388107914378 3.0
0.48324786798627434 1277.2508860241894 1351.500590682793 946.6661933582966 919.0107688681676 2.0
0.48324786798627434 1351.500590682793 1425.7502953413964 688.3814364237219 494.0811107648349 3.0
0.48324786798627434 1425.7502953413964 1500.0 29.98025002427751 29.93517113271041 2.0
